--Path:
--(100, 100)
--(200, 100)
--(300, 100)
--(400, 100)
--(500, 100)
--Path:
--(100, 100)
--(300, 300)
--(500, 100)
Location:
    (683, 694)
Location:
    (688, 360)
Location:
    (621, 120)
Location:
    (177, 135)
Location:
    (480, 309)
Location:
    (299, 589)
Location:
    (105, 359)

Path:
(623, 695)
(620, 362)
(622, 138)
Path:
(481, 694)
(479, 361)
Path:
(272, 139)
(274, 361)
Path:
(110, 364)
(110, 692)
(302, 692)
Path:
(623, 695)
(481, 694)
(302, 692)
Path:
(620, 362)
(479, 361)
(110, 364)
Path:
(622, 138)
(272, 139)